Невязка при расчете давления: 5.991876207107279e-11
Скорость фильтрации в узлах (безразмерная): [0.18181818 0.18181818 0.18181818 0.18181818 0.18181818 0.18181818
 0.18181818 0.18181818 0.18181818 0.18181818 0.18181818 0.18181818
 0.18181818 0.18181818 0.18181818 0.18181818 0.18181818 0.18181818
 0.18181818 0.18181818 0.18181818]
Скорость фильтрации в узлах (размерная): [1.81818182e-05 1.81818182e-05 1.81818182e-05 1.81818182e-05
 1.81818182e-05 1.81818182e-05 1.81818182e-05 1.81818182e-05
 1.81818182e-05 1.81818182e-05 1.81818182e-05 1.81818182e-05
 1.81818182e-05 1.81818182e-05 1.81818182e-05 1.81818182e-05
 1.81818182e-05 1.81818182e-05 1.81818182e-05 1.81818182e-05
 1.81818182e-05]
Истинная скорость фильтрации в узлах (размерная): [9.09090908e-05 9.09090908e-05 9.09090908e-05 9.09090908e-05
 9.09090908e-05 9.09090908e-05 9.09090908e-05 9.09090908e-05
 9.09090908e-05 9.09090908e-05 9.09090908e-05 9.09090908e-05
 9.09090908e-05 9.09090908e-05 9.09090908e-05 9.09090908e-05
 9.09090908e-05 9.09090908e-05 9.09090908e-05 9.09090908e-05
 9.09090908e-05]
